mmm·
m

1³00

neg-tion 1111111, 2, 01000011οω,111,
100101 st. wilfrid 101, 120 (0010
1101111, 70111)

11000111, 1011, 011111,,31

- 71101010, 11111, ol Prien. xxvi,
11111111, 160 11, 203 n. 203 n, 21611

Romanorum 0011000111, 232

1101110011,1011., 262

1100111011,133

Boot, covering with 1000, 33, 34,
mauu nt raising 01, 136, 110111]
0111100130

110ρο 100101

1101111 111100 101 incense, 200 n, 216,
222 ,701011001010 tactum)

3010010010, 1011, 151, 153

110110110111111, 153

11011011, 21711

1011101100, 321 (Rownthnyt)

110111 1111100)

1101111111οι11, Edu„ 323, 110, 321,
324 , ux.. 323 , 110,, 323 , 111111, 323

1100110111, 14, 33

Bunthwnyt (1100111

1111111011 101 1111001110 011011 and chup-
1011101110, xxiii, 203, 11101111, 222

1111111011, «1011,, 22, 70, ux.. 303

1111111101 010111, 272, 273, 237

11111110, will.. 14, 311

11111101,111111,000,, 17, 35, 40, 230,
231 , 1111, 233, ux„ 135

111110 1 1111111110)

11110011, 110,, 303

11011311310111111, obl. in pixide
00, 231, 303, 313, 313, 320

(Corpus Christi)

80011011 11011, 123

8001111100, 1111, 15, l 411, etc. (80-
0111111111ομ ’Μ ‘

81111101, 11010, 133, 11011,,133, 811
110,, 323, 111111, 273

81, 11011 (1111111111, 110,,4511

81, 101111 11011110, 31

8111111101111100110111, 233

80111111* 1101111111001011

11010111, 11101111 named 111101, xviii 11

80101111, 0., lt, 0011 ’1. lt.

81110, 0111, can, 3

801101 (8011101)

8011011101, 1101101111. 01 1100, 10511

fland, 11111,1·1-0.

8011001100, 1011,, 323, 11111, 107

1101111011,110117 J U

mmmm

Snwlny. 11011. 110, 322

8111110, wilt.. 110,, 243

81111101, 111, 311, 122, 217, 010,
201323, 341, 01111001 totally
11111110, 230, 233

111 lm„

sm!

80011011,11111,οι110,5

80011010 in 011011 tuen 110111, 34,
101 play, 13511

8001101011, 1001103302

Sedes, 11111011

8001005013111, 10, 153, 1011 00,
31, Tho.. 257, 273234

80011- (1133

8011030011, nic„ 133, 133

80110100, 1011, 36

8011011011, 1011. 00, etp„ 135

801101100010, 144

8000011000101, xvi, 23, 30, 123 (0111.
10101111οω10), dismissed, 343,
1110110111 the, 122, 110,,11

80101010001110, 217, 222

flenter or 810101, 1011, 146, 161,
323, 333, 334, nich„ 145, nic„
243, 303, 267, 81111, 115116,
will.. 107, 103, 130

3111010111, 131

8001111100οὼ, 101, 133, 145

8000, 811 (11111, xix, 010, Marion,
323, nob.. 315, 316, Tho.. 10, 271,
337, will.. 322

8000011, 1011. 00, 32,111113., 104,
mmm

Scottonwoman. 11111033, 106, 103,

8010111011, wilt, 333, 342

80111011, Agn. 00, 01111. 01, 90-137
(110001. firmarum) ; 1011001111, 131,

8010300030, 243

Sempe. lord, 30

801000 de Βο11011, dnn, 1011,, 257,
mmmmmmm
wilt, 0011, 240 (Lescrop)

801111 (71, 1110, 103

8011101001,103

80110001, 100, 161

8001 01 commissary, 253 n

Senling wax, 233

80010, 80110, 8010, 80111, 010.,11111.,
0110, 133, 133, 0111, can.. 133-
100, 135, 272, 277, 1101. 10
the 01101011, 133, 1011, 24, 172,
131, 194, cap.. 130, 131, 133,
277, 110,, 14, 1110, 1110, 4, 14,
will„ 172, 130, 137

800101 001111 (00111112

8001110, arrangement o , 23211

8000101000, 15

8001011010 (sig-t

80311010101011, 105, 110, 113,117,

801111, hemp bought 01, 30

801111, 111. 01011010 1), xxix

8011, 1011,, 101

80110011, 1011, 01111, 17

8011015211

 

