ΒΗΑ

31001100, 77011, 143

3100011 Pop. 0111, 2030, 212 n

Brandsby, Will, 152, 156

31000 0010 0000 10 100001103011011,

Brassas lor bella, 123 n

Bread 000 010, 000011100101, 144

31000, wine, 0001100 0010 10 000000,

310110, 77111, 32

310110, Τ110, 330

3101. Ebot.. 25311

- Sarum, 211, 212 n, 25311

Briau, ΙΤ110,, preb.. 235

3110300, almaboxea 00, 245 n

3110301, St. (lmagea)

Bridgewater, 11011, 21, 77111,, 160,
172, 1111, 323, vid„ 24, 323

3113110111, Edu.. master ol S. 7. 3., 5,
77111,, 342

Brikebeke, 7011., vid.. 74

31101101, 111. 70110, 239 n

3000001100,1110.,000., 177, 179, 267

31111000, 233 n

31000 11000, 319

31000, 120125, 151 (3100001000)

Brolrylbanlre, 7011., 316

3101011010, 3111016010, 01 3101100001,
7011., cap, 6, 19, 296, 302, Ra..
10. 001; 001, cap, 011, 011;
Will. Carver, 01, 206, 344

31000100, Τ110,, cap.. 240; 77011, ¹

144, 11111100, 90, 010.

310110, 310000, 01 31000,Δο1, 310,
312, 0111, 321; 3010, 13, 341,
0001, 22, 346, 7011., 79, 152, 153,
150, 339, 1111100110, 1110,190 n,
1910, 199, 271, 1101), 322, 326,
eol.. 3001, 334 10013, 1110, 24,
191 n, 257, 01 ux, 316, 77111, 243,
279, 234, ux, 323, vid.. 304

Broyd wude, 319

Broydlay (Bradley)

311101010077111. 00, 90, 010.

3100000000, 1101). 00, 90

3111011110οο, 125 n

Bruton, 17011, 143

3100001111011, 133

3100001, 7011., 150

Bryndyll, 1103, 322

30011, 01 3011, 7011., 322, 324, 325, -

011, 315, 7011., 000. Ebur, 343 0,
7110,175, 179, 262, 343, 110, 314

300110 10000, 337

30011010 01 11000, 108 n, 120, mend·
103, 93, 09

3001110, will.. 79, ux.. 323

3110111010, 132, 194

30001000, Τ110,, 333

3111300000, 1110, 95

3011100110, Τ110, 193 n

Burial in 1110 01101011, 2, 103, 329,
10002 (0110010000 mortuorum:
Mortuaria)

Burne, ux, 304

3010011, Ant, 111, 299, 7011., 299,
305, 315, 317, 313, 1101), 60, 322,
Τ110, 303, 305 , 01, 322, 110, 303

3111010311οο (70101110. 10111), 16711,
0501101100, 192, 0 new 000 (71233

301100, 300, 77000, 260, 010, 111311
111000, 297, North, 177

301100, 0111, 65, 66, 7011., 10, 30,
337, 000, 269, 1110, 349, Ra..
342ς11011, 292, Τ110, 6, 13, 50,
51, 193. 265, 341, 77111, 164, 243,
300. 297, 319, 110, 292, 293

30110011 1110010001, 30

30111030, 19, 27, 32

Butler, SS. 1110001111 11

3111100000οΗ, 233 (Boe)

3111101οω1011, 20311

3033103, 77111, 321, 324, ux, 305

Bylaws, capitular, xiv

Byllyntou, 310, 110, 169

Bymyln, 255

Byualeia, Τ110, 10

Byrge, 77111, 316

Byrlrbelre, 11011, 133, 139

Byrnande, 7011., 155

Bymeaton, rel, 177

13113, 91, 103, 110100 101, 90
0030 100110 (7), 146 qd!-

003011, 70, 31 (110031)

00100, -eya, or -ya, 7011.,136, 144,
156, 77111,,160

calculatione by 310000 01 0010, 162,
273, 3230

00100001, 10111, 17711

Call-skins, 132

00130011, 7011., 257, 273, 234

001100,111110,0001010 ol, 164, 207,

Cau lor levatorius, 129

000001. Ρο110, 1111.

000010 ol· 1110 001000, 210

0000100, 00100 010011 10, 207 n (Paria ;
Ρο001101)

0000101000, 10001010 01, 220

000000, 0111100 oi, 1111, 11101100οἰ·
1100, 010.,1

00000] 101 Corpus 01111011, 201,
over 0001, 123 n

Canterbury, 3111 01000001 ai, 204 n

Capella 0110110111, 33

000011001 forinseci, xii

Capellanua, 7011. (Ι100000),01101.1011.,

000, 0 woman’a, ‘worn 10 1110
01101011,’ 349

 

